0,549
0,548
0,547
0,546
0,545
0,544
0,543
0,542
36,8
0,541
0,540
0,539
33,191
33,190
33,189
33,188
33,187
33,186
33,185
33,184
33,183
33,182
33,181
33,180
33,179
33,178
33,177
33,176
33,175
33,174
33,173
0,434
0,538
0,383
0,382
0,381
0,380
0,379
67,7
33,172
93,35
25,1
25,3
24,4
24,1
24,3
35,3
33,38
33,90
33,87
33,8
33,7
33,6
33,89
33,9
33,167
3,2
10,12
10,202
10,190
10,19
10,78
10,4
10,231
10,239
11,15
11,22
11,27
11,7
11,19
8,16
8,4
89,5
89,4
89,3
89,2
89,1
89,0
88,3
88,2
88,1
88,0
87,3
87,2
87,1
87,0
67,6
67,5
67,2
67,1
67,0
66,6
66,5
66,4
66,3
66,1
65,5
65,1
63,5
63,3
63,1
62,3
62,1
61,3
61,1
57,3
57,1
56,7
56,6
56,3
56,1
49,3
49,1
46,3
46,1
42,3
42,1
39,4
39,3
39,2
39,1
36,11
36,1
35,9
35,8
35,1
33,152
33,151
33,150
33,148
33,147
33,146
33,145
33,144
33,143
33,142
33,141
33,140
33,139
33,137
33,136
33,135
33,134
33,133
33,132
33,131
20,3
20,2
20,1
19,3
19,2
19,1
18,3
18,1
14,4
12,3
12,2
12,1
11,28
11,20
11,14
11,13
11,12
11,11
11,9
11,8
11,3
11,2
11,1
10,254
10,222
2,2
10,209
2,1
2,3
10,170
10,168
10,156
10,154
10,130
